frame number, homogeneous transformation 3x4 (row-major) camera w.r.t. target
0,  1.000,  0.001,  0.024,  0.143,  0.002, -1.000, -0.028,  0.080,  0.024,  0.028, -0.999,  0.026
1,  1.000,  0.002, -0.012,  0.143,  0.002, -1.000, -0.027,  0.080, -0.012,  0.027, -1.000,  0.093
2,  0.896, -0.011,  0.444,  0.118,  0.001, -1.000, -0.026,  0.080,  0.444,  0.024, -0.896,  0.058
3,  0.909,  0.014, -0.417,  0.162,  0.003, -1.000, -0.025,  0.080, -0.417,  0.021, -0.909,  0.037
4,  1.000, -0.022,  0.001,  0.142, -0.013, -0.550,  0.835,  0.047, -0.018, -0.835, -0.551,  0.044
5,  1.000, -0.014,  0.002,  0.142, -0.006, -0.542, -0.840,  0.135,  0.013,  0.840, -0.542,  0.037
