frame number, homogeneous transformation 3x4 (row-major) camera w.r.t. target
0,  1.000,  0.004,  0.004,  0.079,  0.004, -1.000, -0.026,  0.080,  0.004,  0.026, -1.000,  0.025
1,  1.000,  0.003, -0.014,  0.079,  0.003, -1.000, -0.027,  0.080, -0.014,  0.027, -1.000,  0.094
2,  0.900, -0.010,  0.436,  0.060,  0.002, -1.000, -0.027,  0.080,  0.436,  0.025, -0.900,  0.030
3,  0.904,  0.015, -0.428,  0.104,  0.005, -1.000, -0.026,  0.080, -0.428,  0.022, -0.904,  0.065
4,  1.000, -0.004, -0.005,  0.078,  0.002, -0.556,  0.831,  0.047, -0.006, -0.831, -0.556,  0.045
5,  1.000, -0.013, -0.008,  0.078, -0.014, -0.539, -0.842,  0.136,  0.007,  0.842, -0.539,  0.037
